2.000000 0.590668 0.052933 0.523568 -0.041115 -0.589367 -0.043569 -0.066339
2.000000 0.590668 -0.391302 0.544458 0.170318 -0.270136 0.086407 0.089151
2.000000 0.590668 -0.447029 0.408538 -0.028157 -0.137536 0.133232 2.243293
1.000000 0.590668 0.100111 -0.624020 -0.392977 0.687144 -0.498588 0.093411
2.000000 0.590668 0.840239 -0.052396 -0.079356 0.173859 -0.231918 1.299347
2.000000 0.590668 -0.204806 0.334067 -0.297637 -0.496155 -0.228138 -0.026224
2.000000 0.590668 0.009950 -0.352316 -0.102849 -0.534512 0.054280 -0.347854
2.000000 0.590668 -0.349981 -0.113981 0.155359 -0.289315 0.092286 0.369601
1.000000 0.590668 -0.477901 -0.291409 -0.185336 -0.545854 -0.244726 -0.275079
2.000000 0.590668 -0.474497 0.718495 1.151423 -0.394488 0.954031 0.203461
2.000000 0.590668 -0.683474 -0.053346 0.529133 0.273876 0.649984 0.077791
2.000000 0.590668 0.090692 -0.633787 -0.361162 -0.340664 -0.489769 -0.364894
2.000000 0.590668 1.560499 0.884800 0.400925 -0.574313 0.209873 0.499176
2.000000 0.590668 0.729576 0.055851 0.740672 0.004757 0.803267 -0.327619
2.000000 0.590668 1.001564 0.497659 0.436111 -0.572869 0.457016 0.228311
1.000000 0.590668 -0.138313 -0.635143 -0.435116 -0.551629 -0.402629 -0.395069
2.000000 0.590668 -0.869179 0.409623 0.439272 -0.605865 0.341529 -0.157929
1.000000 0.590668 -0.484788 0.048933 -0.528665 -0.460479 -0.527355 1.048362
2.000000 0.590668 0.522499 0.071993 0.226258 -0.178780 -0.024041 0.587926
1.000000 0.590668 -0.334071 -0.447812 0.159362 -0.495536 -0.076325 -0.363474
2.000000 0.590668 0.438987 -0.173259 -0.352839 -0.413666 -0.130709 0.212691
1.000000 0.590668 -0.509248 -0.668106 -0.625901 0.064149 -0.526305 -0.339334
1.000000 0.590668 1.525828 -0.526217 -0.366851 1.306634 -0.105092 0.997242
2.000000 0.590668 1.137716 4.154476 1.482005 0.429367 0.305623 5.324340
2.000000 0.590668 0.842773 0.539846 0.615308 -0.032363 0.336069 1.509862
2.000000 0.590668 0.329670 -0.212462 -0.037533 -0.592048 0.235490 -0.521094
1.000000 0.590668 -0.166414 -0.655897 -0.536250 0.016306 -0.554232 -0.245614
1.000000 0.590668 0.180140 -0.677330 -0.516866 -0.533481 -0.584049 -0.357439
2.000000 0.590668 -0.624343 1.992372 1.896865 -0.394694 1.201593 1.306802
1.000000 0.590668 2.460843 -0.501394 -0.562798 -0.386033 -0.372602 -0.249164
1.000000 0.590668 0.539439 -0.296564 0.332449 -0.396756 -0.156956 0.510536
1.000000 0.590668 -0.743160 -0.197676 -0.507595 -0.202908 -0.432866 -0.191654
1.000000 0.590668 0.762427 -0.607471 -0.533616 -0.578644 -0.412288 -0.397554
1.000000 0.590668 1.403370 -0.137041 -0.065872 0.630640 -0.529245 -0.156864
1.000000 0.590668 -0.831025 -0.517807 -0.599353 -0.545854 -0.503628 -0.401104
2.000000 0.590668 -0.895460 -0.041409 0.330763 -0.461716 0.285045 -0.386549
1.000000 0.590668 1.421260 -0.194556 -0.265822 -0.276941 -0.424046 1.100902
2.000000 0.590668 0.250749 0.645652 0.476775 -0.237553 0.761062 -0.287859
2.000000 0.590668 -0.586506 1.347362 0.922608 -0.626693 0.855551 -0.387614
1.000000 0.590668 3.495518 -0.710971 -0.742627 1.429129 -0.560531 0.493851
1.000000 0.590668 0.951852 -0.198626 -0.336510 1.327668 -0.364623 1.540392
1.000000 0.590668 0.568015 -0.370493 -0.210198 -0.214250 -0.064356 0.453381
2.000000 0.590668 -0.091055 0.238570 0.738460 -0.594729 0.843583 -0.524999
2.000000 0.590668 -0.900051 0.718766 1.690489 -0.471202 1.395821 -0.515769
2.000000 0.590668 -0.184462 0.166947 0.265448 -0.521933 0.364626 -0.518254
2.000000 0.590668 -0.539803 2.203983 1.430595 -0.274673 0.938912 1.228347
2.000000 0.590668 -0.704293 1.122185 1.475263 -0.289521 0.821115 -0.025869
2.000000 0.590668 2.569923 6.573905 5.016638 0.971318 4.470300 1.753747
2.000000 0.590668 -0.038099 0.048255 0.307271 -0.513065 0.470244 -0.017349
2.000000 0.590668 -0.556742 2.118253 2.209116 -0.262712 2.247067 -0.128464
1.000000 0.590668 -0.453679 -0.637720 -0.629062 0.162517 -0.477171 0.226181
1.000000 0.590668 -0.684978 -0.236743 -0.100636 -0.584212 -0.282102 -0.434474
2.000000 0.590668 2.273476 -0.255056 -0.218626 -0.523789 -0.061837 -0.087639
2.000000 0.590668 -0.911054 0.634393 0.377222 -0.480070 0.573133 -0.461809
1.000000 0.590668 1.213391 -0.589701 -0.632538 -0.131143 -0.562211 -0.068114
1.000000 0.590668 -0.533232 -0.286662 -0.310384 -0.415522 -0.180054 -0.140179
2.000000 0.590668 -0.625531 3.268554 1.992626 -0.094023 3.119940 -0.065629
2.000000 0.590668 -0.521121 0.561142 0.267133 -0.625662 0.984897 -0.086219
1.000000 0.590668 0.140799 -0.519028 -0.664037 -0.510591 -0.557382 -0.386549
1.000000 0.590668 -0.464127 -0.059179 0.009347 -0.606896 0.042522 0.027736
2.000000 0.590668 -0.269953 -0.373206 -0.010248 -0.613701 0.254808 -0.461454
2.000000 0.590668 1.895179 4.418448 5.440874 0.037546 5.001541 0.174706
2.000000 0.590668 -0.330667 0.060870 -0.148254 0.223146 0.250399 -0.199109
2.000000 0.590668 -0.206151 0.787404 0.824213 -0.036281 1.006945 -0.081604
1.000000 0.590668 -0.573128 -0.619815 -0.495270 0.134471 -0.343205 -0.134854
2.000000 0.590668 -0.943192 2.056805 3.990233 -0.626075 4.482899 -0.036164
1.000000 0.590668 -0.949208 -0.578171 -0.056285 -0.597410 0.123153 -0.531744
2.000000 0.590668 0.626354 0.130594 0.580543 -0.374484 0.474444 -0.245259
1.000000 0.590668 -0.756300 0.198554 -0.416996 0.577022 -0.439585 0.557396
1.000000 0.590668 -0.288792 -0.403726 -0.701436 -0.472852 -0.467302 -0.490209
1.000000 0.590668 0.372415 -0.509939 -0.500326 1.561317 -0.580689 -0.056754
1.000000 0.590668 0.497960 -0.614525 1.379080 0.474530 0.271186 4.596234
1.000000 0.590668 -0.600042 -0.089157 -0.557320 1.196099 -0.327667 -0.477074
2.000000 0.590668 0.625246 -0.062977 0.080246 1.043495 -0.444624 -0.311289
2.000000 0.590668 -0.301616 0.074164 0.194127 -0.368504 -0.205881 0.090571
1.000000 0.590668 0.664746 -0.632023 -0.837334 0.275320 -0.604416 -0.195204
1.000000 0.590668 -0.893164 -0.299684 -0.149518 0.919350 -0.493969 -0.223959
2.000000 0.590668 0.016204 0.936075 2.168979 -0.454292 1.921813 -0.183134
1.000000 0.590668 -0.097705 -0.626869 -0.619896 -0.201258 -0.541843 -0.482044
1.000000 0.590668 -0.820101 -0.344177 -0.452604 -0.454498 -0.352654 0.045486
1.000000 0.590668 -0.395418 -0.673803 -0.520659 -0.544823 -0.476961 -0.353534
2.000000 0.590668 -0.932585 0.507833 0.679675 -0.575138 1.036551 -0.485949
2.000000 0.590668 -0.129685 0.466053 0.322125 -0.481513 0.137641 0.290081
1.000000 0.590668 0.702425 -0.574237 -0.649815 -0.155065 -0.489559 -0.267269
2.000000 0.590668 -0.010552 -0.334953 -0.330506 -0.390570 0.200634 -0.498729
2.000000 0.590668 0.325870 5.480306 8.936528 -0.421915 7.967672 0.503791
2.000000 0.590668 0.864778 9.183650 2.545492 -0.429958 3.609186 -0.220764
1.000000 0.590668 2.474854 -0.104621 0.017459 0.668172 -0.273493 4.553279
1.000000 0.590668 -0.327421 -0.712734 -0.411834 1.374068 -0.570400 -0.524999
1.000000 0.590668 1.021432 -0.265907 -0.276146 0.076522 -0.509717 0.586861
1.000000 0.590668 -0.047123 -0.705409 -0.665091 0.056725 -0.590558 -0.413529
1.000000 0.590668 0.059662 -0.411594 -0.571120 1.159185 -0.473391 -0.144794
2.000000 0.590668 -0.221825 2.940284 2.537064 0.033010 3.364773 1.279822
1.000000 0.590668 -0.054326 -0.367101 -0.620423 6.586112 -0.590138 0.416461
2.000000 0.590668 -0.504577 0.871371 0.355204 -0.591017 0.452816 -0.454709
1.000000 0.590668 -0.949683 -0.390162 -0.179015 -0.542761 -0.558222 -0.289634
2.000000 0.590668 -0.948100 -0.431399 0.017564 -0.603596 0.208403 -0.464294
1.000000 0.590668 -0.918020 -0.751801 -0.773388 -0.473883 -0.593708 -0.518964
1.000000 0.590668 -0.910104 -0.771063 -0.755690 -0.448930 -0.593288 -0.494469
1.000000 0.590668 -0.185412 -0.490270 -0.636541 0.529385 -0.559901 -0.426664
2.000000 0.590668 -0.032162 0.268955 0.441695 0.037134 1.082116 0.533966
2.000000 0.590668 -0.837516 0.680106 0.876044 -0.304988 0.815656 0.111161
2.000000 0.590668 -0.717829 0.089899 -0.028895 -0.105365 0.355177 -0.049299
1.000000 0.590668 3.489423 -0.310943 0.100578 3.084264 -0.294281 0.345461
1.000000 0.590668 0.166208 -0.497053 -0.474727 -0.357987 -0.291971 -0.346789
1.000000 0.590668 0.283916 -0.648708 -0.419419 -0.445837 -0.575860 -0.052139
2.000000 0.590668 -0.834825 0.073350 0.289994 -0.606071 0.829094 0.108676
2.000000 0.590668 -0.253567 0.657860 0.730559 -0.123925 1.278235 -0.030839
2.000000 0.590668 -0.828730 0.352786 -0.102217 -0.582562 -0.079055 -0.102549
2.000000 0.590668 -0.838624 1.483011 2.215964 -0.494711 -0.429506 -0.540264
1.000000 0.590668 -0.014430 -0.562707 -0.659191 -0.164138 -0.569560 0.043356
2.000000 0.590668 0.045809 0.721344 1.013207 -0.467490 0.750773 -0.002084
1.000000 0.590668 0.557724 -0.410509 -0.577546 1.192181 -0.503628 0.420011
1.000000 0.590668 0.192964 -0.474942 -0.655082 0.030535 -0.482210 0.012826
1.000000 0.590668 0.478408 -0.639755 -0.626955 -0.106602 -0.580269 -0.091899
1.000000 0.590668 -0.068574 -0.678686 -0.522871 -0.073607 -0.547093 -0.324779
1.000000 0.590668 -0.065487 -0.444285 -0.484208 -0.320660 -0.539954 -0.462519
1.000000 0.590668 -0.396606 -0.259939 -0.270879 -0.293852 -0.538064 -0.129529
1.000000 0.590668 0.637120 -0.529744 -0.588819 0.468343 -0.518746 -0.210114
1.000000 0.590668 -0.296233 -0.468295 -0.611468 0.169941 -0.549193 -0.315904
1.000000 0.590668 0.408432 -0.623477 -0.478203 -0.135061 -0.568510 -0.138049
1.000000 0.590668 -0.631705 -0.347568 -0.679839 -0.139598 -0.549613 -0.450804
1.000000 0.590668 0.016758 -0.758990 -0.811840 -0.222911 -0.599797 -0.236029
2.000000 0.590668 -0.065725 0.674545 0.090886 -0.181048 -0.190132 -0.490564
1.000000 0.590668 1.903728 -0.563521 -0.525715 0.353684 -0.500058 0.034126
1.000000 0.590668 5.084854 -0.315148 -0.089470 2.776994 -0.441685 -0.215439
1.000000 0.590668 0.571419 -0.536662 -0.662984 1.056487 -0.531765 -0.369864
2.000000 0.590668 0.749208 0.196248 0.287992 -0.452024 -0.104042 0.434566
1.000000 0.590668 -0.938838 0.413828 -0.434905 -0.604215 -0.382051 -0.540264
1.000000 0.590668 2.399416 -0.660645 -0.678575 -0.279210 -0.518956 0.104416
1.000000 0.590668 -0.384019 -0.456901 -0.764012 0.668997 -0.522106 -0.217924
1.000000 0.590668 -0.783609 -0.706359 -0.804571 -0.562146 -0.590348 -0.431279
1.000000 0.590668 0.229772 -0.510618 -0.576493 -0.514715 -0.404519 -0.424889
1.000000 0.590668 -0.203143 -0.644910 -0.707546 -0.543586 -0.551292 -0.400749
1.000000 0.590668 -0.365101 -0.530965 -0.608624 -0.485019 -0.595178 -0.350694
1.000000 0.590668 -0.451225 -0.611405 -0.564694 -0.392219 -0.563261 -0.425599
1.000000 0.590668 -0.583814 0.377474 -0.097055 0.309965 -0.091233 0.006081
1.000000 0.590668 -0.705560 0.309785 0.034841 -0.497186 -0.453653 -0.528549
1.000000 0.590668 0.121642 -0.208799 -0.307329 -0.601534 -0.552762 0.619876
1.000000 0.590668 -0.523496 -0.110861 -0.485472 -0.463366 -0.471291 -0.211534
1.000000 0.590668 0.445082 -0.205679 -0.068084 -0.163520 -0.403469 0.387351
1.000000 0.590668 1.454823 1.011360 -0.291000 -0.567301 -0.594338 -0.026579
1.000000 0.590668 1.981778 0.183904 0.031786 -0.015865 -0.600847 -0.540264
1.000000 0.590668 -0.126281 -0.569760 -0.722189 1.103918 -0.521266 -0.428439
1.000000 0.590668 0.540389 -0.287476 -0.628219 -0.609164 -0.496698 -0.469974
2.000000 0.590668 0.794644 0.351023 2.827614 -0.624837 2.038770 1.031322
1.000000 0.590668 -0.334941 -0.523640 -0.608308 -0.442537 -0.589718 -0.356729
1.000000 0.590668 -0.221429 -0.328713 -0.552474 -0.368298 -0.377852 -0.354599
1.000000 0.590668 -0.480988 -0.707037 -0.780552 0.202111 -0.545623 -0.387259
1.000000 0.590668 1.568256 -0.591871 -0.663721 -0.468521 -0.581319 -0.030129
1.000000 0.590668 0.334419 -0.538697 -0.651711 -0.457592 -0.569350 -0.162544
1.000000 0.590668 -0.847886 -0.334817 -0.624637 -0.523995 -0.551502 0.088441
1.000000 0.590668 0.541418 -0.600281 -0.507385 -0.014628 -0.531135 -0.476009
1.000000 0.590668 -0.675796 0.468494 -0.588187 -0.472852 -0.541633 0.036256
1.000000 0.590668 -0.900684 -0.778795 -0.823218 -0.618032 -0.603577 -0.538489
2.000000 0.590668 -0.792475 0.663828 1.212420 -0.585449 1.825854 0.222986
2.000000 0.590668 -0.646745 -0.068539 0.727293 -0.568126 0.800538 0.588281
1.000000 0.590668 0.456956 -0.600960 -0.577020 0.063118 -0.434755 -0.392939
2.000000 0.590668 -0.723449 0.104956 0.175586 -0.441713 0.235700 0.055781
2.000000 0.590668 -0.921819 0.258782 0.709068 -0.551422 1.090935 -0.433764
2.000000 0.590668 -0.813373 -0.291002 0.513120 -0.463572 0.323890 0.224406
1.000000 0.590668 0.034331 -0.713005 -0.807837 -0.408305 -0.604416 0.251386
1.000000 0.590668 0.251462 -0.511703 -0.436275 -0.083918 -0.556332 -0.324779
2.000000 0.590668 -0.512097 1.346955 1.993048 -0.145372 2.277094 -0.382999
2.000000 0.590668 -0.536399 0.245081 0.066656 -0.109696 0.166408 -0.456839
2.000000 0.590668 0.286133 0.930107 1.254348 0.279032 0.887468 0.303216
2.000000 0.590668 -0.568220 0.125439 0.128390 -0.428721 0.439168 0.749807
1.000000 0.590668 -0.718304 -0.352858 -0.493373 -0.549979 -0.252286 -0.295314
1.000000 0.590668 -0.490091 -0.686554 -0.753056 -0.346232 -0.588458 -0.389034
1.000000 0.590668 -0.521359 -0.688996 -0.610626 -0.138773 -0.590558 -0.275079
2.000000 0.590668 -0.929339 0.390496 0.577172 -0.403355 0.867940 -0.426664
2.000000 0.590668 -0.934089 2.721890 1.249924 -0.499248 1.237079 1.677422
1.000000 0.590668 -0.874325 -0.043037 -0.149096 -0.564827 -0.008713 -0.290344
2.000000 0.590668 -0.909233 0.255119 1.248765 -0.440269 1.460284 -0.287149
1.000000 0.590668 -0.927281 -0.622392 -0.285522 -0.114851 -0.572920 -0.029419
2.000000 0.590668 -0.764453 0.277908 0.413251 -0.622775 0.276016 0.061106
1.000000 0.590668 2.662854 0.157588 -0.149096 0.885942 -0.283362 -0.459679
1.000000 0.590668 0.060057 0.208049 -0.360108 -0.272198 -0.600847 0.392676
1.000000 0.590668 -0.079023 0.173459 -0.316705 -0.395931 -0.579849 -0.401104
1.000000 0.590668 -0.700018 -0.123205 -0.574281 0.289755 -0.547723 0.227246
1.000000 0.590668 0.028157 0.032520 0.098576 -0.550598 -0.314859 0.450541
1.000000 0.590668 7.927738 3.232607 1.074203 2.819681 0.433918 2.493923
1.000000 0.590668 -0.894985 0.371234 0.270399 -0.542142 0.845263 -0.485949
1.000000 0.590668 1.966817 5.175503 1.287217 6.900600 -0.554862 16.478447
1.000000 0.590668 -0.924036 -0.661730 -0.341462 -0.618238 -0.534914 -0.537424
1.000000 0.590668 -0.303199 0.088407 -0.717659 -0.183729 -0.592868 -0.453644
1.000000 0.590668 -0.711734 -0.715583 -0.747683 0.082090 -0.405779 -0.283244
1.000000 0.590668 -0.756933 0.299205 0.196761 0.659304 0.121263 -0.540264
2.000000 0.590668 -0.313490 0.249964 0.393551 -0.064740 0.830984 -0.397909
2.000000 0.590668 -0.883903 0.784149 0.376168 -0.576788 0.240530 0.117551
1.000000 0.590668 0.390701 0.061548 -0.628956 0.878518 -0.580269 -0.518609
1.000000 0.590668 0.128529 -0.746239 -0.692165 -0.449961 -0.596017 -0.511509
1.000000 0.590668 -0.513839 -0.588073 -0.600512 -0.520695 -0.565781 -0.396134
2.000000 0.590668 -0.935672 -0.313520 1.300069 -0.435732 0.574603 -0.304899
1.000000 0.590668 -0.387344 -0.648979 -0.524346 -0.467284 -0.530505 -0.135919
1.000000 0.590668 0.397587 -0.089157 -0.286681 0.993177 -0.535754 0.081696
1.000000 -1.995342 1.474217 0.191635 -0.321762 3.225113 -0.444834 0.479651
2.000000 -1.995342 -0.757804 0.176443 0.257020 -0.401087 0.300793 -0.020189
1.000000 -1.995342 -0.024879 -0.494069 -0.118756 0.093845 -0.480740 -0.293894
1.000000 -1.995342 -0.184462 -0.476977 -0.615156 -0.526263 -0.520636 -0.418144
2.000000 -1.995342 -0.707143 1.009733 1.598731 0.179221 1.486111 -0.281824
2.000000 -1.995342 -0.594976 1.166949 1.765286 0.098382 2.383972 0.055426
1.000000 -1.995342 1.045101 0.771940 0.162101 0.411014 -0.545413 1.891842
1.000000 -1.995342 -0.903771 -0.693336 -0.604199 -0.536781 -0.404729 -0.534939
1.000000 -1.995342 -0.795087 -0.665393 -0.287102 -0.348294 -0.603997 -0.069889
2.000000 -1.995342 -0.862293 0.802326 1.648139 -0.436557 1.340388 -0.289279
1.000000 -1.995342 -0.445446 -0.680450 -0.737570 -0.452436 -0.544573 -0.440154
2.000000 -1.995342 -0.748780 -0.143688 -0.196187 -0.025970 0.511190 -0.498729
1.000000 -1.995342 -0.828255 -0.277845 -0.222629 -0.250133 0.104885 -0.255199
2.000000 -1.995342 -0.510593 0.940416 0.928718 -0.455323 2.002864 -0.258394
1.000000 -1.995342 0.519808 -0.529202 -0.690901 -0.262094 -0.553812 0.204171
2.000000 -1.995342 0.009396 3.056128 3.344029 0.343167 3.470601 0.477521
1.000000 -1.995342 -0.372779 -0.648979 -0.620423 -0.367267 -0.554652 0.088796
1.000000 -1.995342 -0.687353 0.109297 -0.114858 -0.359430 0.226671 -0.110004
2.000000 -1.995342 -0.762949 0.102379 0.359523 -0.445218 0.645785 -0.260524
1.000000 -1.995342 -0.727803 0.674002 0.799245 -0.350150 0.618698 0.306411
2.000000 -1.995342 -0.749492 1.465376 3.006073 -0.596585 2.189323 -0.302059
1.000000 -1.995342 0.478408 -0.586174 -0.622109 -0.111346 -0.577749 -0.130239
2.000000 -1.995342 -0.948496 0.231652 0.764164 -0.368504 0.402212 1.720732
1.000000 -1.995342 -0.621019 -0.736473 -0.691217 -0.157952 -0.586988 -0.495179
1.000000 -1.995342 0.218057 -0.664308 -0.692060 -0.269518 -0.593288 -0.275434
1.000000 -1.995342 -0.522784 0.231516 0.283883 -0.614732 0.269926 -0.456484
1.000000 -1.995342 -0.550885 -0.635007 -0.536777 0.912338 -0.551292 -0.408204
2.000000 -1.995342 -0.729070 -0.443472 -0.282994 0.523817 -0.439585 -0.058529
1.000000 -1.995342 -0.374125 -0.696863 -0.679734 -0.471821 -0.590348 -0.307384
1.000000 -1.995342 0.053804 -0.346347 -0.399719 -0.497392 -0.445254 -0.262299
2.000000 -1.995342 0.695143 0.016920 0.132814 -0.270755 -0.065826 0.009986
1.000000 -1.995342 -0.629964 -0.487286 -0.672992 -0.162076 -0.549823 -0.296734
1.000000 -1.995342 -0.801974 -0.707986 -0.777391 -0.437588 0.394863 -0.469264
1.000000 -1.995342 -0.264728 -0.413764 -0.574175 0.778088 -0.459323 -0.193429
2.000000 -1.995342 -0.073482 0.026144 -0.246122 1.082471 -0.404519 0.217306
1.000000 -1.995342 -0.764374 0.662201 -0.434379 -0.336746 -0.276223 -0.367379
1.000000 -1.995342 1.105182 -0.544801 -0.433325 -0.501929 -0.545413 -0.245259
1.000000 -1.995342 -0.873612 -0.110183 -0.488317 -0.440269 -0.519166 -0.538844
1.000000 -1.995342 0.285183 -0.419597 -0.433852 0.245005 -0.536804 0.368536
1.000000 -1.995342 -0.804428 0.079183 -0.540148 -0.382321 -0.349715 -0.436604
1.000000 -1.995342 -0.266391 -0.675024 -0.516655 -0.156714 -0.517906 -0.461454
1.000000 -1.995342 0.529702 -0.265636 -0.775179 0.322132 -0.599167 -0.110004
1.000000 -1.995342 -0.367080 -0.721823 -0.776022 -0.404180 -0.589928 -0.464649
1.000000 -1.995342 2.809534 -0.438046 -0.439541 0.447721 -0.431186 0.258486
1.000000 -1.995342 0.799156 -0.301312 -0.095896 1.721964 -0.533024 0.368891
1.000000 -1.995342 1.023411 -0.541952 -0.576914 -0.176512 -0.518536 -0.169644
1.000000 -1.995342 0.492815 -0.696863 -0.530667 0.140245 -0.482000 -0.336139
1.000000 -1.995342 -0.062558 -0.301176 -0.298374 -0.517808 -0.251866 0.309961
1.000000 -1.995342 -0.458982 0.268413 0.301898 -0.389538 0.054910 0.158021
2.000000 -1.995342 -0.707539 0.048526 0.628371 -0.586068 1.270675 0.446991
1.000000 -1.995342 -0.246601 -0.456901 -0.650447 -0.267043 -0.514756 -0.324779
1.000000 -1.995342 0.124175 -0.739321 -0.786135 -0.205176 -0.595807 -0.307384
1.000000 -1.995342 0.290566 -0.070166 -0.584183 -0.518221 -0.487040 -0.338269
1.000000 -1.995342 -0.313490 -0.271469 -0.619580 0.673946 -0.412288 -0.438024
1.000000 -1.995342 -0.697327 -0.515908 -0.648130 -0.276735 -0.555912 -0.289279
2.000000 -1.995342 -0.464365 2.351705 2.700564 0.757672 3.299260 1.276627
1.000000 -1.995342 -0.425657 -0.533949 -0.338301 0.950902 -0.562001 0.059686
1.000000 -1.995342 1.387301 0.293643 0.949682 -0.544411 -0.528825 -0.047524
1.000000 -1.995342 -0.128339 1.651622 -0.337459 0.332856 -0.280212 0.617746
1.000000 -1.995342 1.552583 -0.719924 -0.680155 0.035072 -0.581739 -0.323004
1.000000 -1.995342 -0.071899 -0.106927 -0.284679 -0.540080 -0.522736 -0.408914
1.000000 -1.995342 -0.279056 -0.524318 -0.639280 0.398434 0.149400 -0.190944
1.000000 -1.995342 3.489502 -0.167291 -0.613891 0.690856 -0.451763 0.637626
1.000000 -1.995342 3.261685 -0.113574 -0.064818 -0.012359 -0.401999 -0.250939
1.000000 -1.995342 -0.222220 -0.123612 -0.610415 -0.566064 -0.441265 -0.346789
1.000000 -1.995342 -0.327896 -0.635686 -0.722400 0.772520 -0.594758 -0.439444
1.000000 -1.995342 0.891059 -0.600146 -0.660982 -0.430989 -0.514966 -0.308804
1.000000 -1.995342 -0.779493 -0.635007 -0.133505 0.258203 0.002626 -0.395424
2.000000 -1.995342 -0.864984 0.526688 0.789448 -0.620919 0.650614 -0.092254
1.000000 -1.995342 -0.482175 2.405150 0.605511 1.460681 -0.430766 0.749452
2.000000 -1.995342 -0.904642 0.538082 1.499177 -0.175480 0.420060 0.368536
1.000000 -1.995342 0.703929 -0.620493 -0.566274 0.186232 -0.450294 0.746612
2.000000 -1.995342 -0.007306 0.306123 1.253189 -0.413048 0.733345 -0.293539
1.000000 -1.995342 0.254707 -0.751258 -0.717764 -0.114645 -0.535124 -0.468909
1.000000 -1.995342 -0.576294 -0.646266 -0.734936 0.500720 -0.563681 -0.521449
1.000000 -1.995342 -0.785034 -0.107063 -0.672992 -0.402530 -0.574180 0.008921
1.000000 -1.995342 -0.909233 0.342748 -0.114016 -0.524407 -0.585519 -0.172129
1.000000 0.590668 1.964443 -0.373206 -0.680366 0.356777 -0.560951 0.106191
1.000000 0.590668 -0.879153 -0.555246 -0.643705 -0.480070 -0.445674 -0.132014
1.000000 0.590668 -0.896093 -0.567861 -0.814158 -0.455736 -0.584889 -0.406784
1.000000 0.590668 1.258669 -0.277709 -0.104008 0.290168 -0.478430 0.347236
1.000000 0.590668 -0.232669 -0.673803 -0.765698 2.855564 -0.474651 -0.491984
1.000000 0.590668 -0.024325 -0.471958 -0.569751 0.571866 -0.547513 -0.041134
2.000000 0.590668 0.424264 0.054766 0.183592 -0.366854 0.155069 0.069626
1.000000 0.590668 -0.683474 -0.395045 -0.581550 -0.432020 -0.569980 -0.149409
2.000000 0.590668 0.018816 0.177935 -0.180806 -0.408098 -0.116221 0.196716
1.000000 0.590668 2.933812 -0.248409 -0.389711 0.597644 -0.386461 -0.042909
1.000000 0.590668 1.089746 -0.296157 -0.625585 1.491202 -0.539114 -0.050009
1.000000 0.590668 4.508108 -0.187909 0.490681 1.158979 -0.447354 0.312801
1.000000 0.590668 2.236509 -0.699441 -0.458398 -0.418616 -0.513497 -0.534939
1.000000 0.590668 -0.384019 -0.481453 -0.706808 -0.299626 -0.347615 -0.495889
1.000000 0.590668 0.265473 -0.501122 -0.539727 1.091751 -0.523995 -0.176744
1.000000 0.590668 0.337190 -0.705680 -0.701120 -0.458623 -0.511607 -0.449739
1.000000 0.590668 2.436937 -0.747460 -0.788032 -0.347263 -0.598327 -0.533519
1.000000 0.590668 -0.735560 -0.493255 -0.559321 -0.529975 -0.402419 -0.001019
1.000000 0.590668 -0.473231 -0.331290 -0.494111 -0.116501 -0.560531 -0.297799
1.000000 0.590668 -0.725270 -0.367644 -0.381599 0.157980 -0.431816 -0.165029
2.000000 -0.702337 -0.633605 0.719851 0.475933 -0.447487 0.644735 -0.278274
1.000000 -0.702337 0.734009 -0.513195 -0.147622 -0.446043 -0.434755 0.116841
2.000000 -0.702337 -0.349269 -0.528930 -0.286259 -0.547504 -0.141418 -0.451159
1.000000 -0.702337 0.560970 -0.609370 -0.453868 -0.005554 -0.455963 -0.222539
2.000000 -0.702337 -0.309532 -0.352316 -0.101690 -0.333446 0.174387 -0.352824
2.000000 -0.702337 -0.414970 -0.167698 0.212141 -0.440888 0.347828 -0.173194
1.000000 -0.702337 -0.914774 -0.667021 -0.620634 -0.579056 -0.544153 -0.449384
2.000000 -0.702337 0.352072 0.060599 -0.167638 -0.463572 -0.046088 0.170446
2.000000 -0.702337 -0.531728 1.020042 1.311342 -0.260444 1.232670 -0.480269
2.000000 -0.702337 -0.721470 -0.067047 0.193179 -0.558434 0.704368 -0.344304
2.000000 -0.702337 -0.744189 -0.285983 0.619206 -0.532038 1.509209 -0.520384
2.000000 -0.702337 -0.937176 0.225683 1.772133 -0.506260 1.869109 0.314221
2.000000 -0.702337 -0.930685 0.968902 0.094889 -0.468728 0.215752 -0.466424
2.000000 -0.702337 -0.437926 0.959136 1.434704 -0.254051 0.981957 0.006436
1.000000 -0.702337 0.421652 -0.464226 -0.538252 -0.396550 -0.531345 -0.212954
1.000000 -0.702337 -0.396843 -0.647894 -0.520869 -0.547710 -0.551082 -0.308449
2.000000 -0.702337 -0.877253 2.015567 0.591605 -0.331384 0.832454 -0.255199
1.000000 -0.702337 -0.393123 -0.583868 -0.584289 1.958500 -0.542263 -0.144794
1.000000 -0.702337 1.395929 -0.469516 0.034630 -0.005348 -0.527145 -0.499794
2.000000 -0.702337 -0.780760 -0.279337 1.182080 -0.370772 2.989755 -0.490919
1.000000 -0.702337 -0.175438 -0.660781 -0.584289 0.283569 -0.566621 -0.435894
1.000000 -0.702337 -0.109499 -0.542766 -0.032055 -0.327672 -0.425096 -0.103614
2.000000 -0.702337 -0.832846 1.246033 0.418518 -0.496980 0.211973 0.704011
1.000000 -0.702337 -0.385761 -0.599739 -0.605780 -0.081031 -0.587618 -0.165384
1.000000 -0.702337 -0.856356 -0.367373 -0.193553 -0.431814 -0.432656 0.039806
1.000000 -0.702337 -0.015855 -0.418241 -0.462823 -0.196103 -0.456803 -0.523224
2.000000 -0.702337 -0.177417 2.614592 1.021213 -0.400881 2.000344 0.035546
1.000000 -0.702337 -0.809494 -0.284898 -0.597457 -0.527501 -0.547303 -0.245259
1.000000 -0.702337 -0.225228 -0.528930 -0.293318 -0.073813 -0.557172 -0.146214
1.000000 -0.702337 0.307189 -0.689538 -0.488422 0.130140 -0.296381 -0.460034
1.000000 -0.702337 0.107631 -0.658203 0.383648 -0.444806 -0.252496 -0.337914
1.000000 -0.702337 1.106369 -0.299684 -0.578073 -0.144960 -0.575650 -0.153669
1.000000 -0.702337 1.639894 1.490471 0.597820 11.919002 -0.337956 1.449867
1.000000 -0.702337 -0.600517 -0.567861 -0.686898 0.087864 -0.523785 -0.245259
1.000000 -0.702337 -0.907017 -0.664308 -0.662351 -0.548123 -0.586568 -0.356019
1.000000 -0.702337 0.390463 -0.486608 -0.480626 0.985134 -0.560951 0.003241
1.000000 -0.702337 -0.545185 -0.584682 -0.354841 0.423799 -0.501738 -0.278984
1.000000 -0.702337 -0.174963 -0.543987 -0.299428 0.102712 -0.566831 -0.171064
2.000000 -0.702337 -0.061529 1.232332 1.989782 -0.379021 1.411990 -0.150119
1.000000 -0.702337 0.816967 -0.350010 -0.685212 -0.178161 -0.567671 0.382381
2.000000 -0.702337 -0.271932 -0.110725 6.252053 -0.606484 7.395486 -0.110004
2.000000 -0.702337 0.381756 -0.660374 -0.548681 1.750216 -0.535334 0.696201
2.000000 -0.702337 1.193839 0.138461 0.299053 -0.352006 0.258168 0.218016
1.000000 -0.702337 0.155918 -0.581291 -0.697538 -0.499455 -0.574390 -0.265139
1.000000 -0.702337 -0.209713 -0.603537 -0.562587 1.051332 -0.512237 -0.233189
1.000000 -0.702337 -0.949683 -0.741085 -0.098003 2.583764 -0.601897 -0.346079
1.000000 -0.702337 -0.742764 -0.625105 -0.275935 1.342929 -0.484730 0.148081
2.000000 0.590668 -0.919761 -0.240270 0.181064 -0.553485 0.921694 -0.054624
2.000000 0.590668 -0.766274 -0.004512 0.346249 -0.475327 0.478853 0.224761
1.000000 0.590668 -0.929735 -0.005191 -0.213675 -0.561527 0.359796 -0.069889
2.000000 0.590668 -0.816223 0.158402 1.934685 -0.333240 2.643083 -0.528194
1.000000 0.590668 -0.709043 -0.627275 -0.651922 -0.172800 -0.559481 -0.406784
1.000000 0.590668 -0.855089 -0.433298 0.040424 -0.550598 0.201894 -0.433764
2.000000 0.590668 -0.730574 0.155010 0.799561 -0.078144 0.780800 -0.145504
2.000000 0.590668 1.217428 0.188244 0.459288 -0.054222 0.365256 -0.178519
1.000000 0.590668 -0.678567 -0.463412 -0.624005 -0.356955 -0.356434 -0.305254
2.000000 0.590668 -0.476476 1.199776 1.324194 -0.220024 1.960449 -0.383354
1.000000 0.590668 -0.671205 -0.637178 -0.627271 -0.263125 -0.568720 -0.188104
2.000000 0.590668 -0.854139 0.576199 1.510976 -0.274467 2.048639 0.572306
1.000000 0.590668 -0.901792 -0.636228 -0.676152 -0.462335 -0.586149 -0.472104
2.000000 0.590668 -0.940659 0.063448 1.396041 -0.586480 1.217971 -0.146924
1.000000 0.590668 0.161380 0.216595 -0.569224 0.683432 -0.325147 0.289726
1.000000 0.590668 -0.934881 -0.687639 -0.625690 -0.582974 -0.566411 -0.496244
1.000000 0.590668 0.845860 -0.768079 -0.814685 0.017543 -0.603157 -0.346789
2.000000 0.590668 -0.946992 -0.613304 1.508658 -0.605246 0.811666 -0.502279
1.000000 0.590668 -0.889840 1.745491 -0.662773 0.627340 -0.492499 0.914172
1.000000 0.590668 -0.886911 0.011087 -0.615472 -0.563383 -0.556332 -0.265849
1.000000 0.590668 0.613135 -0.396673 -0.626323 -0.097116 -0.506777 -0.362764
1.000000 0.590668 -0.575186 -0.703917 -0.746630 -0.384795 -0.571660 -0.397554
1.000000 0.590668 -0.782026 -0.569082 -0.579232 -0.518014 -0.567461 -0.288569
1.000000 0.590668 -0.583656 -0.651014 -0.370116 -0.594110 -0.324728 -0.429859
1.000000 0.590668 -0.742922 -0.667834 -0.677100 -0.406036 -0.497118 -0.375189
2.000000 0.590668 -0.578511 0.044999 0.007767 -0.299626 0.342998 0.560946
1.000000 0.590668 -0.193090 -0.485523 -0.662351 -0.391601 -0.558432 -0.382644
1.000000 0.590668 -0.674688 -0.664986 -0.781395 -0.333034 -0.552132 -0.419919
1.000000 0.590668 0.818075 -0.624020 -0.584183 -0.211569 -0.583839 -0.343239
1.000000 0.590668 -0.458270 -0.740542 -0.765698 -0.408923 -0.596437 -0.436249
2.000000 0.590668 2.190993 -0.251257 -0.315652 -0.352212 -0.495229 0.252096
1.000000 0.590668 0.641553 -0.530287 -0.633381 1.050094 -0.454703 -0.260879
1.000000 0.590668 -0.642471 -0.270655 -0.664774 -0.452848 -0.521686 1.172967
2.000000 0.590668 0.243467 0.062498 -0.058287 -0.323341 -0.202731 0.563786
1.000000 0.590668 -0.448217 -0.480232 -0.661930 -0.325816 -0.539744 -0.297799
1.000000 0.590668 -0.487558 -0.589565 -0.715236 -0.510384 -0.505098 -0.516479
2.000000 0.590668 -0.701681 0.384392 0.593606 0.529797 0.374705 -0.035099
1.000000 0.590668 2.120859 -0.358420 -0.558689 -0.420265 -0.584889 -0.100419
1.000000 0.590668 -0.694636 -0.339429 -0.637279 -0.575344 -0.590768 -0.145859
2.000000 0.590668 -0.629489 -0.085766 0.257020 -0.606690 -0.434335 -0.477784
1.000000 0.590668 1.286849 -0.658203 -0.611574 0.166847 -0.479060 -0.445479
1.000000 0.590668 0.456719 -0.163493 -0.667303 1.413663 -0.553392 -0.352469
1.000000 0.590668 1.777392 0.222292 0.054541 -0.109696 -0.245776 0.485686
1.000000 0.590668 -0.805774 -0.601231 -0.474200 0.192625 -0.521686 -0.413174
1.000000 0.590668 -0.104275 2.178753 0.784707 0.116117 -0.545833 1.276272
1.000000 0.590668 -0.028916 -0.661188 -0.667619 -0.100828 -0.564731 -0.162189
1.000000 0.590668 -0.854456 -0.295208 -0.536671 -0.232398 -0.530925 -0.198044
1.000000 0.590668 0.705908 -0.526353 -0.671938 -0.229304 -0.556542 -0.200174
1.000000 0.590668 -0.175359 -0.671226 -0.714183 -0.287665 -0.563051 -0.397199
1.000000 0.590668 -0.207022 -0.578713 -0.687846 -0.010916 -0.557382 -0.298509
1.000000 0.590668 -0.684583 -0.626055 -0.697748 0.501132 -0.539744 -0.186329
1.000000 0.590668 -0.740389 -0.411730 -0.593981 -0.446456 -0.585099 0.107256
1.000000 0.590668 -0.908917 -0.219244 -0.458398 -0.497599 -0.579429 -0.309159
1.000000 0.590668 0.920743 0.126660 -0.432904 1.144131 -0.524205 -0.250584
1.000000 0.590668 0.029819 -0.668920 -0.500116 -0.345201 -0.573760 -0.380869
1.000000 0.590668 -0.189845 -0.607742 -0.704596 -0.031125 -0.428456 -0.438379
2.000000 0.590668 -0.592522 0.840307 0.146826 -0.088249 0.104255 0.244286
1.000000 0.590668 -0.036832 -0.560265 -0.687214 0.776644 -0.591608 -0.277564
1.000000 0.590668 -0.044194 -0.646266 -0.776338 0.478036 -0.589508 -0.453644
1.000000 0.590668 -0.189053 -0.707986 -0.739150 -0.303338 -0.506567 -0.408204
1.000000 0.590668 -0.597984 -0.663358 -0.707230 0.103950 -0.572920 -0.181359
1.000000 0.590668 1.200567 -0.406304 -0.613470 2.093369 -0.585729 0.133881
1.000000 0.590668 1.150856 -0.141518 -0.301324 -0.588130 -0.602947 -0.420629
1.000000 0.590668 1.077001 0.706693 -0.352629 -0.607308 -0.472341 -0.439089
1.000000 0.590668 0.480703 -0.160508 -0.474832 0.258203 -0.413128 -0.287504
1.000000 0.590668 -0.404996 -0.644367 -0.714709 -0.206826 -0.480530 -0.407139
1.000000 0.590668 1.034256 -0.106656 -0.308172 1.388710 -0.375752 -0.200529
2.000000 0.590668 -0.367159 0.956016 1.130565 -0.044942 1.050200 -0.345014
2.000000 0.590668 -0.296312 -0.259939 -0.162686 -0.294058 -0.031810 -0.419209
1.000000 0.590668 -0.260612 -0.293308 -0.195028 -0.149084 -0.159266 1.282307
1.000000 0.590668 -0.424865 -0.501936 -0.356948 -0.347057 -0.214490 0.130331
1.000000 0.590668 -0.781630 -0.340107 -0.492004 -0.316948 -0.555702 1.008247
1.000000 0.590668 -0.942242 -0.297242 0.468664 -0.613289 0.018584 -0.519319
1.000000 0.590668 -0.555476 -0.127139 -0.138878 3.050856 -0.413548 0.323096
1.000000 0.590668 -0.477426 -0.516315 -0.477677 0.537634 -0.366723 -0.438379
2.000000 0.590668 -0.329163 0.033876 0.063285 -0.284778 0.138271 0.123941
2.000000 0.590668 -0.602496 0.697741 0.311485 -0.458623 0.807677 -0.188814
1.000000 0.590668 -0.548985 -0.040324 0.326971 -0.558434 0.126722 -0.163964
2.000000 0.590668 -0.897676 0.365944 1.124138 -0.606071 0.810196 -0.265849
1.000000 0.590668 -0.248501 -0.273097 -0.603462 -0.502960 -0.273283 -0.001374
1.000000 0.590668 -0.597192 -0.071930 0.555786 -0.628343 0.826575 -0.046814
2.000000 0.590668 0.400754 -0.128767 0.116064 -0.420884 0.112024 0.091991
1.000000 0.590668 1.139853 -0.599468 -0.398139 -0.462335 -0.405989 -0.108939
2.000000 0.590668 0.440491 -0.286255 -0.347045 -0.415110 -0.226458 -0.304189
2.000000 0.590668 0.394184 -0.395045 0.450965 -0.453261 0.069609 -0.452934
1.000000 0.590668 -0.059946 -0.459614 -0.564483 2.531590 -0.582369 0.128201
1.000000 0.590668 0.089742 0.481652 0.670510 0.014243 0.461425 0.131041
1.000000 0.590668 1.504930 1.477314 -0.265717 2.476735 -0.512867 -0.128464
1.000000 0.590668 -0.708726 0.023567 -0.320392 -0.180224 -0.426566 -0.428794
1.000000 0.590668 -0.268607 -0.548871 -0.460505 -0.623806 -0.587408 0.346526
1.000000 0.590668 -0.704768 -0.212462 0.898799 -0.514921 -0.554442 0.197071
1.000000 0.590668 -0.274465 -0.039374 -0.294055 2.147605 -0.315909 -0.009539
1.000000 0.590668 0.721661 -0.628632 -0.336826 -0.578025 -0.326197 -0.401104
1.000000 0.590668 -0.793029 -0.349738 -0.680366 -0.315711 -0.530295 -0.026934
1.000000 0.590668 0.374473 -0.254242 0.004501 -0.491618 -0.107192 -0.243839
1.000000 0.590668 1.401312 0.848446 0.850760 2.075222 -0.566831 0.241091
1.000000 0.590668 2.155293 -0.592142 -0.757165 0.296561 -0.585519 0.291501
2.000000 0.590668 0.200326 1.314671 2.348386 -0.543380 2.511218 0.121456
1.000000 0.590668 -0.135384 -0.517536 -0.602514 -0.419441 -0.569770 0.213046
1.000000 0.590668 -0.729307 -0.555924 -0.573227 -0.620094 -0.504888 -0.522869
